[37;40;m6da26b[0;m20202020202020202020202020202020202020202020202020202020202020
20202020202020202020202020202020202020202020202020202020202020202020202020202020
20202020202020202020202020202020202020202020202020202020202020202020202020202020
20202020202020202020202020202020202020202020202020202020202020202020202020202020
20202020202020202020202020202020202020202020202020202020202020202020202020202020
20202020202020202020202020202020202020202020202020202020202020202020202020202020
20202020202020202020202020202020202020202020202020202020202020202020202020202020
20202020202020202020202020202020202020202020202020202020202020202020202020202020
20202020202020202020202020202020202020202020202020202020202020202020202020202020
20202020202020202020202020202020202020202020202020202020202020202020202020202020
20202020202020202020202020202020202020202020202020202020202020202020202020202020
20202020202020202020202020202020202020202020202020202020202020202020202020202020
20202020202020202020202020202020202020202020202020202020202020202020202020202020
20202020202020202020202020202020202020202020202020202020202020202020202020202020
20202020202020202020202020202020202020202020202020202020202020202020202020202020
20202020202020202020202020202020202020202020202020202020202020202020202020202020
20202020202020202020202020202020202020202020202020202020202020202020202020202020
20202020202020202020202020202020202020202020202020202020202020202020202020202020
20202020202020202020202020202020202020202020202020202020202020202020202020202020
20202020202020202020202020202020202020202020202020202020202020202020202020202020
20202020202020202020202020202020202020202020202020202020202020202020202020202020
20202020202020202020202020202020202020202020202020202020202020202020202020202020
20202020202020202020202020202020202020202020202020202020202020202020202020202020
20202020202020202020202020202020202020202020202020202020202020202020202020202020
20202020202020202020202020202020202020202020202020202020202020202020202020202020
20202020202020202020202020202020202020202020202020202020202020202020202020202020
20202020202020202020202020202020202020202020202020202020202020202020202020202020
20202020202020202020202020202020202020202020202020202020202020202020202020202020
20202020202020202020202020202020202020202020202020202020202020202020202020202020
20202020202020202020202020202020202020202020202020202020202020202020202020202020
20202020202020202020202020202020202020202020202020202020202020202020202020202020
20202020202020202020202020202020202020202020202020202020202020202020202020202020
20202020202020202020202020202020202020202020202020202020202020202020202020202020
20202020202020202020202020202020202020202020202020202020202020202020202020202020
20202020202020202020202020202020202020202020202020202020202020202020202020202020
20202020202020202020202020202020202020202020202020202020202020202020202020202020
20202020202020202020202020202020202020202020202020202020202020202020202020202020
20202020202020202020202020202020202020202020202020202020202020202020202020202020
20202020202020202020202020202020202020202020202020202020202020202020202020202020
20202020202020202020202020202020202020202020202020202020202020202020202020202020
20202020202020202020202020202020202020202020202020202020202020202020202020202020
20202020202020202020202020202020202020202020202020202020202020202020202020202020
20202020202020202020202020202020202020202020202020202020202020202020202020202020
20202020202020202020202020202020202020202020202020202020202020202020202020202020
20202020202020202020202020202020202020202020202020202020202020202020202020202020
20202020202020202020202020202020202020202020202020202020202020202020202020202020
20202020202020202020202020202020202020202020202020202020202020202020202020202020
20202020202020202020202020202020202020202020202020202020202020202020202020202020
202020202020
